0,0.52899
0.01,0.52942
0.02,0.52985
0.03,0.53027
0.04,0.5307
0.05,0.53112
0.06,0.53154
0.07,0.53195
0.08,0.53236
0.09,0.53277
0.1,0.53318
0.11,0.53359
0.12,0.53399
0.13,0.53439
0.14,0.53479
0.15,0.53518
0.16,0.53557
0.17,0.53596
0.18,0.53635
0.19,0.53674
0.2,0.53712
0.21,0.5375
0.22,0.53788
0.23,0.53826
0.24,0.53863
0.25,0.539
0.26,0.53937
0.27,0.53974
0.28,0.5401
0.29,0.54046
0.3,0.54082
0.31,0.54118
0.32,0.54154
0.33,0.54189
0.34,0.54224
0.35,0.54259
0.36,0.54294
0.37,0.54328
0.38,0.54363
0.39,0.54397
0.4,0.5443
0.41,0.54464
0.42,0.54498
0.43,0.54531
0.44,0.54564
0.45,0.54597
0.46,0.54629
0.47,0.54662
0.48,0.54694
0.49,0.54726
0.5,0.54758
0.51,0.54789
0.52,0.54821
0.53,0.54852
0.54,0.54883
0.55,0.54914
0.56,0.54945
0.57,0.54975
0.58,0.55005
0.59,0.55035
0.6,0.55065
0.61,0.55095
0.62,0.55125
0.63,0.55154
0.64,0.55183
0.65,0.55212
0.66,0.55241
0.67,0.5527
0.68,0.55298
0.69,0.55327
0.7,0.55355
0.71,0.55383
0.72,0.55411
0.73,0.55438
0.74,0.55466
0.75,0.55493
0.76,0.5552
0.77,0.55547
0.78,0.55574
0.79,0.55601
0.8,0.55627
0.81,0.55653
0.82,0.5568
0.83,0.55706
0.84,0.55731
0.85,0.55757
0.86,0.55783
0.87,0.55808
0.88,0.55833
0.89,0.55858
0.9,0.55883
0.91,0.55908
0.92,0.55933
0.93,0.55957
0.94,0.55982
0.95,0.56006
0.96,0.5603
0.97,0.56054
0.98,0.56078
0.99,0.56101
1,0.56125
1.01,0.56148
1.02,0.56171
1.03,0.56195
1.04,0.56217
1.05,0.5624
1.06,0.56263
1.07,0.56286
1.08,0.56308
1.09,0.5633
1.1,0.56352
1.11,0.56374
1.12,0.56396
1.13,0.56418
1.14,0.5644
1.15,0.56461
1.16,0.56483
1.17,0.56504
1.18,0.56525
1.19,0.56546
1.2,0.56567
1.21,0.56588
1.22,0.56609
1.23,0.56629
1.24,0.5665
1.25,0.5667
1.26,0.5669
1.27,0.5671
1.28,0.5673
1.29,0.5675
1.3,0.5677
1.31,0.5679
1.32,0.56809
1.33,0.56829
1.34,0.56848
1.35,0.56867
1.36,0.56886
1.37,0.56905
1.38,0.56924
1.39,0.56943
1.4,0.56962
1.41,0.56981
1.42,0.56999
1.43,0.57017
1.44,0.57036
1.45,0.57054
1.46,0.57072
1.47,0.5709
1.48,0.57108
1.49,0.57126
1.5,0.57144
1.51,0.57161
1.52,0.57179
1.53,0.57196
1.54,0.57214
1.55,0.57231
1.56,0.57248
1.57,0.57265
1.58,0.57282
1.59,0.57299
1.6,0.57316
1.61,0.57333
1.62,0.57349
1.63,0.57366
1.64,0.57382
1.65,0.57399
1.66,0.57415
1.67,0.57431
1.68,0.57447
1.69,0.57463
1.7,0.57479
1.71,0.57495
1.72,0.57511
1.73,0.57527
1.74,0.57543
1.75,0.57558
1.76,0.57574
1.77,0.57589
1.78,0.57605
1.79,0.5762
1.8,0.57635
1.81,0.5765
1.82,0.57665
1.83,0.5768
1.84,0.57695
1.85,0.5771
1.86,0.57725
1.87,0.5774
1.88,0.57754
1.89,0.57769
1.9,0.57784
1.91,0.57798
1.92,0.57812
1.93,0.57827
1.94,0.57841
1.95,0.57855
1.96,0.57869
1.97,0.57883
1.98,0.57897
1.99,0.57911
2,0.57925
2.01,0.57939
2.02,0.57953
2.03,0.57967
2.04,0.5798
2.05,0.57994
2.06,0.58008
2.07,0.58021
2.08,0.58035
2.09,0.58048
2.1,0.58061
2.11,0.58075
2.12,0.58088
2.13,0.58101
2.14,0.58114
2.15,0.58127
2.16,0.5814
2.17,0.58153
2.18,0.58166
2.19,0.58179
2.2,0.58192
2.21,0.58204
2.22,0.58217
2.23,0.5823
2.24,0.58243
2.25,0.58255
2.26,0.58268
2.27,0.5828
2.28,0.58293
2.29,0.58305
2.3,0.58317
2.31,0.5833
2.32,0.58342
2.33,0.58354
2.34,0.58366
2.35,0.58378
2.36,0.58391
2.37,0.58403
2.38,0.58415
2.39,0.58427
2.4,0.58439
2.41,0.5845
2.42,0.58462
2.43,0.58474
2.44,0.58486
2.45,0.58498
2.46,0.58509
2.47,0.58521
2.48,0.58533
2.49,0.58544
2.5,0.58556
2.51,0.58568
2.52,0.58579
2.53,0.58591
2.54,0.58602
2.55,0.58613
2.56,0.58625
2.57,0.58636
2.58,0.58647
2.59,0.58659
2.6,0.5867
2.61,0.58681
2.62,0.58692
2.63,0.58704
2.64,0.58715
2.65,0.58726
2.66,0.58737
2.67,0.58748
2.68,0.58759
2.69,0.5877
2.7,0.58781
2.71,0.58792
2.72,0.58803
2.73,0.58814
2.74,0.58825
2.75,0.58836
2.76,0.58846
2.77,0.58857
2.78,0.58868
2.79,0.58879
2.8,0.5889
2.81,0.589
2.82,0.58911
2.83,0.58922
2.84,0.58932
2.85,0.58943
2.86,0.58954
2.87,0.58964
2.88,0.58975
2.89,0.58985
2.9,0.58996
2.91,0.59006
2.92,0.59017
2.93,0.59027
2.94,0.59038
2.95,0.59048
2.96,0.59059
2.97,0.59069
2.98,0.5908
2.99,0.5909
3,0.591
3.01,0.59111
3.02,0.59121
3.03,0.59132
3.04,0.59142
3.05,0.59152
3.06,0.59162
3.07,0.59173
3.08,0.59183
3.09,0.59193
3.1,0.59204
3.11,0.59214
3.12,0.59224
3.13,0.59234
3.14,0.59244
3.15,0.59255
3.16,0.59265
3.17,0.59275
3.18,0.59285
3.19,0.59295
3.2,0.59306
3.21,0.59316
3.22,0.59326
3.23,0.59336
3.24,0.59346
3.25,0.59356
3.26,0.59366
3.27,0.59376
3.28,0.59386
3.29,0.59397
3.3,0.59407
3.31,0.59417
3.32,0.59427
3.33,0.59437
3.34,0.59447
3.35,0.59457
3.36,0.59467
3.37,0.59477
3.38,0.59487
3.39,0.59497
3.4,0.59507
3.41,0.59517
3.42,0.59527
3.43,0.59537
3.44,0.59547
3.45,0.59557
3.46,0.59567
3.47,0.59577
3.48,0.59587
3.49,0.59597
3.5,0.59607
3.51,0.59617
3.52,0.59627
3.53,0.59638
3.54,0.59648
3.55,0.59658
3.56,0.59668
3.57,0.59678
3.58,0.59688
3.59,0.59698
3.6,0.59708
3.61,0.59718
3.62,0.59728
3.63,0.59738
3.64,0.59748
3.65,0.59758
3.66,0.59768
3.67,0.59778
3.68,0.59788
3.69,0.59798
3.7,0.59808
3.71,0.59818
3.72,0.59828
3.73,0.59838
3.74,0.59848
3.75,0.59859
3.76,0.59869
3.77,0.59879
3.78,0.59889
3.79,0.59899
3.8,0.59909
3.81,0.59919
3.82,0.59929
3.83,0.59939
3.84,0.5995
3.85,0.5996
3.86,0.5997
3.87,0.5998
3.88,0.5999
3.89,0.6
3.9,0.60011
3.91,0.60021
3.92,0.60031
3.93,0.60041
3.94,0.60051
3.95,0.60062
3.96,0.60072
3.97,0.60082
3.98,0.60092
3.99,0.60103
4,0.60113
4.01,0.60123
4.02,0.60133
4.03,0.60144
4.04,0.60154
4.05,0.60164
4.06,0.60175
4.07,0.60185
4.08,0.60195
4.09,0.60206
4.1,0.60216
4.11,0.60227
4.12,0.60237
4.13,0.60247
4.14,0.60258
4.15,0.60268
4.16,0.60279
4.17,0.60289
4.18,0.603
4.19,0.6031
4.2,0.60321
4.21,0.60331
4.22,0.60342
4.23,0.60352
4.24,0.60363
4.25,0.60373
4.26,0.60384
4.27,0.60395
4.28,0.60405
4.29,0.60416
4.3,0.60427
4.31,0.60437
4.32,0.60448
4.33,0.60459
4.34,0.60469
4.35,0.6048
4.36,0.60491
4.37,0.60501
4.38,0.60512
4.39,0.60523
4.4,0.60534
4.41,0.60545
4.42,0.60555
4.43,0.60566
4.44,0.60577
4.45,0.60588
4.46,0.60599
4.47,0.6061
4.48,0.60621
4.49,0.60632
4.5,0.60643
4.51,0.60654
4.52,0.60665
4.53,0.60676
4.54,0.60687
4.55,0.60698
4.56,0.60709
4.57,0.6072
4.58,0.60731
4.59,0.60742
4.6,0.60754
4.61,0.60765
4.62,0.60776
4.63,0.60787
4.64,0.60798
4.65,0.6081
4.66,0.60821
4.67,0.60832
4.68,0.60843
4.69,0.60855
4.7,0.60866
4.71,0.60877
4.72,0.60889
4.73,0.609
4.74,0.60912
4.75,0.60923
4.76,0.60935
4.77,0.60946
4.78,0.60958
4.79,0.60969
4.8,0.60981
4.81,0.60992
4.82,0.61004
4.83,0.61015
4.84,0.61027
4.85,0.61039
4.86,0.6105
4.87,0.61062
4.88,0.61074
4.89,0.61086
4.9,0.61097
4.91,0.61109
4.92,0.61121
4.93,0.61133
4.94,0.61145
4.95,0.61157
4.96,0.61168
4.97,0.6118
4.98,0.61192
4.99,0.61204
5,0.61216
5.01,0.61228
5.02,0.6124
5.03,0.61252
5.04,0.61265
5.05,0.61277
5.06,0.61289
5.07,0.61301
5.08,0.61313
5.09,0.61325
5.1,0.61338
5.11,0.6135
5.12,0.61362
5.13,0.61374
5.14,0.61387
5.15,0.61399
5.16,0.61411
5.17,0.61424
5.18,0.61436
5.19,0.61449
5.2,0.61461
5.21,0.61474
5.22,0.61486
5.23,0.61499
5.24,0.61511
5.25,0.61524
5.26,0.61536
5.27,0.61549
5.28,0.61562
5.29,0.61574
5.3,0.61587
5.31,0.616
5.32,0.61613
5.33,0.61625
5.34,0.61638
5.35,0.61651
5.36,0.61664
5.37,0.61677
5.38,0.6169
5.39,0.61703
5.4,0.61716
5.41,0.61729
5.42,0.61742
5.43,0.61755
5.44,0.61768
5.45,0.61781
5.46,0.61794
5.47,0.61807
5.48,0.61821
5.49,0.61834
5.5,0.61847
5.51,0.6186
5.52,0.61874
5.53,0.61887
5.54,0.619
5.55,0.61914
5.56,0.61927
5.57,0.6194
5.58,0.61954
5.59,0.61967
5.6,0.61981
5.61,0.61995
5.62,0.62008
5.63,0.62022
5.64,0.62035
5.65,0.62049
5.66,0.62063
5.67,0.62076
5.68,0.6209
5.69,0.62104
5.7,0.62118
5.71,0.62131
5.72,0.62145
5.73,0.62159
5.74,0.62173
5.75,0.62187
5.76,0.62201
5.77,0.62215
5.78,0.62229
5.79,0.62243
5.8,0.62257
5.81,0.62271
5.82,0.62285
5.83,0.623
5.84,0.62314
5.85,0.62328
5.86,0.62342
5.87,0.62357
5.88,0.62371
5.89,0.62385
5.9,0.624
5.91,0.62414
5.92,0.62428
5.93,0.62443
5.94,0.62457
5.95,0.62472
5.96,0.62486
5.97,0.62501
5.98,0.62516
5.99,0.6253
6,0.62545
6.01,0.6256
6.02,0.62574
6.03,0.62589
6.04,0.62604
6.05,0.62619
6.06,0.62634
6.07,0.62648
6.08,0.62663
6.09,0.62678
6.1,0.62693
6.11,0.62708
6.12,0.62723
6.13,0.62738
6.14,0.62753
6.15,0.62769
6.16,0.62784
6.17,0.62799
6.18,0.62814
6.19,0.62829
6.2,0.62845
6.21,0.6286
6.22,0.62875
6.23,0.62891
6.24,0.62906
6.25,0.62921
6.26,0.62937
6.27,0.62952
6.28,0.62968
6.29,0.62983
6.3,0.62999
6.31,0.63015
6.32,0.6303
6.33,0.63046
6.34,0.63062
6.35,0.63077
6.36,0.63093
6.37,0.63109
6.38,0.63125
6.39,0.63141
6.4,0.63157
6.41,0.63173
6.42,0.63189
6.43,0.63205
6.44,0.63221
6.45,0.63237
6.46,0.63253
6.47,0.63269
6.48,0.63285
6.49,0.63301
6.5,0.63317
6.51,0.63334
6.52,0.6335
6.53,0.63366
6.54,0.63383
6.55,0.63399
6.56,0.63415
6.57,0.63432
6.58,0.63448
6.59,0.63465
6.6,0.63481
6.61,0.63498
6.62,0.63515
6.63,0.63531
6.64,0.63548
6.65,0.63565
6.66,0.63581
6.67,0.63598
6.68,0.63615
6.69,0.63632
6.7,0.63649
6.71,0.63666
6.72,0.63683
6.73,0.63699
6.74,0.63716
6.75,0.63734
6.76,0.63751
6.77,0.63768
6.78,0.63785
6.79,0.63802
6.8,0.63819
6.81,0.63836
6.82,0.63854
6.83,0.63871
6.84,0.63888
6.85,0.63906
6.86,0.63923
6.87,0.63941
6.88,0.63958
6.89,0.63976
6.9,0.63993
6.91,0.64011
6.92,0.64028
6.93,0.64046
6.94,0.64064
6.95,0.64081
6.96,0.64099
6.97,0.64117
6.98,0.64135
6.99,0.64153
7,0.6417
7.01,0.64188
7.02,0.64206
7.03,0.64224
7.04,0.64242
7.05,0.6426
7.06,0.64278
7.07,0.64297
7.08,0.64315
7.09,0.64333
7.1,0.64351
7.11,0.64369
7.12,0.64388
7.13,0.64406
7.14,0.64424
7.15,0.64443
7.16,0.64461
7.17,0.6448
7.18,0.64498
7.19,0.64517
7.2,0.64535
7.21,0.64554
7.22,0.64573
7.23,0.64591
7.24,0.6461
7.25,0.64629
7.26,0.64647
7.27,0.64666
7.28,0.64685
7.29,0.64704
7.3,0.64723
7.31,0.64742
7.32,0.64761
7.33,0.6478
7.34,0.64799
7.35,0.64818
7.36,0.64837
7.37,0.64856
7.38,0.64876
7.39,0.64895
7.4,0.64914
7.41,0.64933
7.42,0.64953
7.43,0.64972
7.44,0.64992
7.45,0.65011
7.46,0.6503
7.47,0.6505
7.48,0.6507
7.49,0.65089
7.5,0.65109
7.51,0.65128
7.52,0.65148
7.53,0.65168
7.54,0.65188
7.55,0.65207
7.56,0.65227
7.57,0.65247
7.58,0.65267
7.59,0.65287
7.6,0.65307
7.61,0.65327
7.62,0.65347
7.63,0.65367
7.64,0.65387
7.65,0.65408
7.66,0.65428
7.67,0.65448
7.68,0.65468
7.69,0.65489
7.7,0.65509
7.71,0.65529
7.72,0.6555
7.73,0.6557
7.74,0.65591
7.75,0.65611
7.76,0.65632
7.77,0.65653
7.78,0.65673
7.79,0.65694
7.8,0.65715
7.81,0.65735
7.82,0.65756
7.83,0.65777
7.84,0.65798
7.85,0.65819
7.86,0.6584
7.87,0.65861
7.88,0.65882
7.89,0.65903
7.9,0.65924
7.91,0.65945
7.92,0.65966
7.93,0.65987
7.94,0.66009
7.95,0.6603
7.96,0.66051
7.97,0.66073
7.98,0.66094
7.99,0.66115
8,0.66137
8.01,0.66158
8.02,0.6618
8.03,0.66201
8.04,0.66223
8.05,0.66245
8.06,0.66266
8.07,0.66288
8.08,0.6631
8.09,0.66332
8.1,0.66354
8.11,0.66375
8.12,0.66397
8.13,0.66419
8.14,0.66441
8.15,0.66463
8.16,0.66485
8.17,0.66508
8.18,0.6653
8.19,0.66552
8.2,0.66574
8.21,0.66596
8.22,0.66619
8.23,0.66641
8.24,0.66663
8.25,0.66686
8.26,0.66708
8.27,0.66731
8.28,0.66753
8.29,0.66776
8.3,0.66798
8.31,0.66821
8.32,0.66844
8.33,0.66866
8.34,0.66889
8.35,0.66912
8.36,0.66935
8.37,0.66958
8.38,0.66981
8.39,0.67004
8.4,0.67027
8.41,0.6705
8.42,0.67073
8.43,0.67096
8.44,0.67119
8.45,0.67142
8.46,0.67165
8.47,0.67189
8.48,0.67212
8.49,0.67235
8.5,0.67259
8.51,0.67282
8.52,0.67306
8.53,0.67329
8.54,0.67353
8.55,0.67376
8.56,0.674
8.57,0.67423
8.58,0.67447
8.59,0.67471
8.6,0.67495
8.61,0.67518
8.62,0.67542
8.63,0.67566
8.64,0.6759
8.65,0.67614
8.66,0.67638
8.67,0.67662
8.68,0.67686
8.69,0.6771
8.7,0.67735
8.71,0.67759
8.72,0.67783
8.73,0.67807
8.74,0.67832
8.75,0.67856
8.76,0.6788
8.77,0.67905
8.78,0.67929
8.79,0.67954
8.8,0.67978
8.81,0.68003
8.82,0.68028
8.83,0.68052
8.84,0.68077
8.85,0.68102
8.86,0.68127
8.87,0.68152
8.88,0.68176
8.89,0.68201
8.9,0.68226
8.91,0.68251
8.92,0.68276
8.93,0.68302
8.94,0.68327
8.95,0.68352
8.96,0.68377
8.97,0.68402
8.98,0.68428
8.99,0.68453
9,0.68478
9.01,0.68504
9.02,0.68529
9.03,0.68555
9.04,0.6858
9.05,0.68606
9.06,0.68631
9.07,0.68657
9.08,0.68683
9.09,0.68709
9.1,0.68734
9.11,0.6876
9.12,0.68786
9.13,0.68812
9.14,0.68838
9.15,0.68864
9.16,0.6889
9.17,0.68916
9.18,0.68942
9.19,0.68968
9.2,0.68994
9.21,0.69021
9.22,0.69047
9.23,0.69073
9.24,0.691
9.25,0.69126
9.26,0.69152
9.27,0.69179
9.28,0.69205
9.29,0.69232
9.3,0.69259
9.31,0.69285
9.32,0.69312
9.33,0.69339
9.34,0.69365
9.35,0.69392
9.36,0.69419
9.37,0.69446
9.38,0.69473
9.39,0.695
9.4,0.69527
9.41,0.69554
9.42,0.69581
9.43,0.69608
9.44,0.69635
9.45,0.69663
9.46,0.6969
9.47,0.69717
9.48,0.69745
9.49,0.69772
9.5,0.698
9.51,0.69827
9.52,0.69855
9.53,0.69882
9.54,0.6991
9.55,0.69937
9.56,0.69965
9.57,0.69993
9.58,0.70021
9.59,0.70048
9.6,0.70076
9.61,0.70104
9.62,0.70132
9.63,0.7016
9.64,0.70188
9.65,0.70216
9.66,0.70244
9.67,0.70273
9.68,0.70301
9.69,0.70329
9.7,0.70357
9.71,0.70386
9.72,0.70414
9.73,0.70442
9.74,0.70471
9.75,0.70499
9.76,0.70528
9.77,0.70557
9.78,0.70585
9.79,0.70614
9.8,0.70643
9.81,0.70671
9.82,0.707
9.83,0.70729
9.84,0.70758
9.85,0.70787
9.86,0.70816
9.87,0.70845
9.88,0.70874
9.89,0.70903
9.9,0.70932
9.91,0.70961
9.92,0.70991
9.93,0.7102
9.94,0.71049
9.95,0.71079
9.96,0.71108
9.97,0.71137
9.98,0.71167
9.99,0.71197
10,0.71226
10.01,0.71256
10.02,0.71285
10.03,0.71315
10.04,0.71345
10.05,0.71375
10.06,0.71405
10.07,0.71434
10.08,0.71464
10.09,0.71494
10.1,0.71524
10.11,0.71554
10.12,0.71585
10.13,0.71615
10.14,0.71645
10.15,0.71675
10.16,0.71705
10.17,0.71736
10.18,0.71766
10.19,0.71797
10.2,0.71827
10.21,0.71858
10.22,0.71888
10.23,0.71919
10.24,0.71949
10.25,0.7198
10.26,0.72011
10.27,0.72042
10.28,0.72072
10.29,0.72103
10.3,0.72134
10.31,0.72165
10.32,0.72196
10.33,0.72227
10.34,0.72258
10.35,0.72289
10.36,0.72321
10.37,0.72352
10.38,0.72383
10.39,0.72414
10.4,0.72446
10.41,0.72477
10.42,0.72508
10.43,0.7254
10.44,0.72572
10.45,0.72603
10.46,0.72635
10.47,0.72666
10.48,0.72698
10.49,0.7273
10.5,0.72762
10.51,0.72793
10.52,0.72825
10.53,0.72857
10.54,0.72889
10.55,0.72921
10.56,0.72953
10.57,0.72985
10.58,0.73018
10.59,0.7305
10.6,0.73082
10.61,0.73114
10.62,0.73147
10.63,0.73179
10.64,0.73212
10.65,0.73244
10.66,0.73277
10.67,0.73309
10.68,0.73342
10.69,0.73374
10.7,0.73407
10.71,0.7344
10.72,0.73473
10.73,0.73505
10.74,0.73538
10.75,0.73571
10.76,0.73604
10.77,0.73637
10.78,0.7367
10.79,0.73703
10.8,0.73737
10.81,0.7377
10.82,0.73803
10.83,0.73836
10.84,0.7387
10.85,0.73903
10.86,0.73937
10.87,0.7397
10.88,0.74004
10.89,0.74037
10.9,0.74071
10.91,0.74104
10.92,0.74138
10.93,0.74172
10.94,0.74206
10.95,0.74239
10.96,0.74273
10.97,0.74307
10.98,0.74341
10.99,0.74375
11,0.74409
11.01,0.74444
11.02,0.74478
11.03,0.74512
11.04,0.74546
11.05,0.7458
11.06,0.74615
11.07,0.74649
11.08,0.74684
11.09,0.74718
11.1,0.74753
11.11,0.74787
11.12,0.74822
11.13,0.74857
11.14,0.74891
11.15,0.74926
11.16,0.74961
11.17,0.74996
11.18,0.75031
11.19,0.75066
11.2,0.75101
11.21,0.75136
11.22,0.75171
11.23,0.75206
11.24,0.75241
11.25,0.75276
11.26,0.75312
11.27,0.75347
11.28,0.75382
11.29,0.75418
11.3,0.75453
11.31,0.75489
11.32,0.75524
11.33,0.7556
11.34,0.75596
11.35,0.75631
11.36,0.75667
11.37,0.75703
11.38,0.75739
11.39,0.75775
11.4,0.7581
11.41,0.75846
11.42,0.75882
11.43,0.75919
11.44,0.75955
11.45,0.75991
11.46,0.76027
11.47,0.76063
11.48,0.761
11.49,0.76136
11.5,0.76172
11.51,0.76209
11.52,0.76245
11.53,0.76282
11.54,0.76319
11.55,0.76355
11.56,0.76392
11.57,0.76429
11.58,0.76465
11.59,0.76502
11.6,0.76539
11.61,0.76576
11.62,0.76613
11.63,0.7665
11.64,0.76687
11.65,0.76724
11.66,0.76761
11.67,0.76799
11.68,0.76836
11.69,0.76873
11.7,0.76911
11.71,0.76948
11.72,0.76985
11.73,0.77023
11.74,0.7706
11.75,0.77098
11.76,0.77136
11.77,0.77173
11.78,0.77211
11.79,0.77249
11.8,0.77287
11.81,0.77325
11.82,0.77362
11.83,0.774
11.84,0.77438
11.85,0.77477
11.86,0.77515
11.87,0.77553
11.88,0.77591
11.89,0.77629
11.9,0.77668
11.91,0.77706
11.92,0.77744
11.93,0.77783
11.94,0.77821
11.95,0.7786
11.96,0.77898
11.97,0.77937
11.98,0.77976
11.99,0.78015
12,0.78053
12.01,0.78092
12.02,0.78131
12.03,0.7817
12.04,0.78209
12.05,0.78248
12.06,0.78287
12.07,0.78326
12.08,0.78365
12.09,0.78405
12.1,0.78444
12.11,0.78483
12.12,0.78523
12.13,0.78562
12.14,0.78601
12.15,0.78641
12.16,0.7868
12.17,0.7872
12.18,0.7876
12.19,0.78799
12.2,0.78839
12.21,0.78879
12.22,0.78919
12.23,0.78959
12.24,0.78999
12.25,0.79039
12.26,0.79079
12.27,0.79119
12.28,0.79159
12.29,0.79199
12.3,0.79239
12.31,0.7928
12.32,0.7932
12.33,0.7936
12.34,0.79401
12.35,0.79441
12.36,0.79482
12.37,0.79522
12.38,0.79563
12.39,0.79604
12.4,0.79644
12.41,0.79685
12.42,0.79726
12.43,0.79767
12.44,0.79808
12.45,0.79849
12.46,0.7989
12.47,0.79931
12.48,0.79972
12.49,0.80013
12.5,0.80054
12.51,0.80095
12.52,0.80137
12.53,0.80178
12.54,0.8022
12.55,0.80261
12.56,0.80302
12.57,0.80344
12.58,0.80386
12.59,0.80427
12.6,0.80469
12.61,0.80511
12.62,0.80552
12.63,0.80594
12.64,0.80636
12.65,0.80678
12.66,0.8072
12.67,0.80762
12.68,0.80804
12.69,0.80846
12.7,0.80889
12.71,0.80931
12.72,0.80973
12.73,0.81015
12.74,0.81058
12.75,0.811
12.76,0.81143
12.77,0.81185
12.78,0.81228
12.79,0.8127
12.8,0.81313
12.81,0.81356
12.82,0.81399
12.83,0.81441
12.84,0.81484
12.85,0.81527
12.86,0.8157
12.87,0.81613
12.88,0.81656
12.89,0.81699
12.9,0.81743
12.91,0.81786
12.92,0.81829
12.93,0.81872
12.94,0.81916
12.95,0.81959
12.96,0.82003
12.97,0.82046
12.98,0.8209
12.99,0.82133
13,0.82177
13.01,0.82221
13.02,0.82264
13.03,0.82308
13.04,0.82352
13.05,0.82396
13.06,0.8244
13.07,0.82484
13.08,0.82528
13.09,0.82572
13.1,0.82616
13.11,0.8266
13.12,0.82705
13.13,0.82749
13.14,0.82793
13.15,0.82838
13.16,0.82882
13.17,0.82927
13.18,0.82971
13.19,0.83016
13.2,0.8306
13.21,0.83105
13.22,0.8315
13.23,0.83195
13.24,0.83239
13.25,0.83284
13.26,0.83329
13.27,0.83374
13.28,0.83419
13.29,0.83464
13.3,0.8351
13.31,0.83555
13.32,0.836
13.33,0.83645
13.34,0.83691
13.35,0.83736
13.36,0.83781
13.37,0.83827
13.38,0.83872
13.39,0.83918
13.4,0.83964
13.41,0.84009
13.42,0.84055
13.43,0.84101
13.44,0.84147
13.45,0.84193
13.46,0.84238
13.47,0.84284
13.48,0.8433
13.49,0.84377
13.5,0.84423
13.51,0.84469
13.52,0.84515
13.53,0.84561
13.54,0.84608
13.55,0.84654
13.56,0.847
13.57,0.84747
13.58,0.84793
13.59,0.8484
13.6,0.84887
13.61,0.84933
13.62,0.8498
13.63,0.85027
13.64,0.85074
13.65,0.85121
13.66,0.85167
13.67,0.85214
13.68,0.85261
13.69,0.85309
13.7,0.85356
13.71,0.85403
13.72,0.8545
13.73,0.85497
13.74,0.85545
13.75,0.85592
13.76,0.85639
13.77,0.85687
13.78,0.85734
13.79,0.85782
13.8,0.8583
13.81,0.85877
13.82,0.85925
13.83,0.85973
13.84,0.86021
13.85,0.86068
13.86,0.86116
13.87,0.86164
13.88,0.86212
13.89,0.8626
13.9,0.86309
13.91,0.86357
13.92,0.86405
13.93,0.86453
13.94,0.86502
13.95,0.8655
13.96,0.86598
13.97,0.86647
13.98,0.86695
13.99,0.86744
14,0.86793
14.01,0.86841
14.02,0.8689
14.03,0.86939
14.04,0.86988
14.05,0.87036
14.06,0.87085
14.07,0.87134
14.08,0.87183
14.09,0.87232
14.1,0.87281
14.11,0.87331
14.12,0.8738
14.13,0.87429
14.14,0.87478
14.15,0.87528
14.16,0.87577
14.17,0.87627
14.18,0.87676
14.19,0.87726
14.2,0.87775
14.21,0.87825
14.22,0.87875
14.23,0.87925
14.24,0.87974
14.25,0.88024
14.26,0.88074
14.27,0.88124
14.28,0.88174
14.29,0.88224
14.3,0.88274
14.31,0.88324
14.32,0.88375
14.33,0.88425
14.34,0.88475
14.35,0.88526
14.36,0.88576
14.37,0.88627
14.38,0.88677
14.39,0.88728
14.4,0.88778
14.41,0.88829
14.42,0.8888
14.43,0.8893
14.44,0.88981
14.45,0.89032
14.46,0.89083
14.47,0.89134
14.48,0.89185
14.49,0.89236
14.5,0.89287
14.51,0.89338
14.52,0.8939
14.53,0.89441
14.54,0.89492
14.55,0.89544
14.56,0.89595
14.57,0.89646
14.58,0.89698
14.59,0.8975
14.6,0.89801
14.61,0.89853
14.62,0.89905
14.63,0.89956
14.64,0.90008
14.65,0.9006
14.66,0.90112
14.67,0.90164
14.68,0.90216
14.69,0.90268
14.7,0.9032
14.71,0.90372
14.72,0.90425
14.73,0.90477
14.74,0.90529
14.75,0.90582
14.76,0.90634
14.77,0.90686
14.78,0.90739
14.79,0.90792
14.8,0.90844
14.81,0.90897
14.82,0.9095
14.83,0.91002
14.84,0.91055
14.85,0.91108
14.86,0.91161
14.87,0.91214
14.88,0.91267
14.89,0.9132
14.9,0.91373
14.91,0.91426
14.92,0.9148
14.93,0.91533
14.94,0.91586
14.95,0.9164
14.96,0.91693
14.97,0.91746
14.98,0.918
14.99,0.91854
15,0.91907
15.01,0.91961
15.02,0.92015
15.03,0.92068
15.04,0.92122
15.05,0.92176
15.06,0.9223
15.07,0.92284
15.08,0.92338
15.09,0.92392
15.1,0.92446
15.11,0.925
15.12,0.92555
15.13,0.92609
15.14,0.92663
15.15,0.92718
15.16,0.92772
15.17,0.92827
15.18,0.92881
15.19,0.92936
15.2,0.9299
15.21,0.93045
15.22,0.931
15.23,0.93155
15.24,0.93209
15.25,0.93264
15.26,0.93319
15.27,0.93374
15.28,0.93429
15.29,0.93484
15.3,0.9354
15.31,0.93595
15.32,0.9365
15.33,0.93705
15.34,0.93761
15.35,0.93816
15.36,0.93871
15.37,0.93927
15.38,0.93982
15.39,0.94038
15.4,0.94094
15.41,0.94149
15.42,0.94205
15.43,0.94261
15.44,0.94317
15.45,0.94373
15.46,0.94429
15.47,0.94485
15.48,0.94541
15.49,0.94597
15.5,0.94653
15.51,0.94709
15.52,0.94765
15.53,0.94822
15.54,0.94878
15.55,0.94934
15.56,0.94991
15.57,0.95047
15.58,0.95104
15.59,0.95161
15.6,0.95217
15.61,0.95274
15.62,0.95331
15.63,0.95388
15.64,0.95444
15.65,0.95501
15.66,0.95558
15.67,0.95615
15.68,0.95672
15.69,0.95729
15.7,0.95787
15.71,0.95844
15.72,0.95901
15.73,0.95958
15.74,0.96016
15.75,0.96073
15.76,0.96131
15.77,0.96188
15.78,0.96246
15.79,0.96303
15.8,0.96361
15.81,0.96419
15.82,0.96476
15.83,0.96534
15.84,0.96592
15.85,0.9665
15.86,0.96708
15.87,0.96766
15.88,0.96824
15.89,0.96882
15.9,0.9694
15.91,0.96999
15.92,0.97057
15.93,0.97115
15.94,0.97174
15.95,0.97232
15.96,0.9729
15.97,0.97349
15.98,0.97408
15.99,0.97466
16,0.97525
16.01,0.97584
16.02,0.97642
16.03,0.97701
16.04,0.9776
16.05,0.97819
16.06,0.97878
16.07,0.97937
16.08,0.97996
16.09,0.98055
16.1,0.98114
16.11,0.98174
16.12,0.98233
16.13,0.98292
16.14,0.98352
16.15,0.98411
16.16,0.98471
16.17,0.9853
16.18,0.9859
16.19,0.98649
16.2,0.98709
16.21,0.98769
16.22,0.98829
16.23,0.98888
16.24,0.98948
16.25,0.99008
16.26,0.99068
16.27,0.99128
16.28,0.99188
16.29,0.99249
16.3,0.99309
16.31,0.99369
16.32,0.99429
16.33,0.9949
16.34,0.9955
16.35,0.99611
16.36,0.99671
16.37,0.99732
16.38,0.99792
16.39,0.99853
16.4,0.99914
16.41,0.99974
16.42,1.0004
16.43,1.001
16.44,1.0016
16.45,1.0022
16.46,1.0028
16.47,1.0034
16.48,1.004
16.49,1.0046
16.5,1.0052
16.51,1.0058
16.52,1.0065
16.53,1.0071
16.54,1.0077
16.55,1.0083
16.56,1.0089
16.57,1.0095
16.58,1.0101
16.59,1.0108
16.6,1.0114
16.61,1.012
16.62,1.0126
16.63,1.0132
16.64,1.0139
16.65,1.0145
16.66,1.0151
16.67,1.0157
16.68,1.0163
16.69,1.017
16.7,1.0176
16.71,1.0182
16.72,1.0188
16.73,1.0195
16.74,1.0201
16.75,1.0207
16.76,1.0213
16.77,1.022
16.78,1.0226
16.79,1.0232
16.8,1.0238
16.81,1.0245
16.82,1.0251
16.83,1.0257
16.84,1.0263
16.85,1.027
16.86,1.0276
16.87,1.0282
16.88,1.0289
16.89,1.0295
16.9,1.0301
16.91,1.0308
16.92,1.0314
16.93,1.032
16.94,1.0327
16.95,1.0333
16.96,1.0339
16.97,1.0346
16.98,1.0352
16.99,1.0359
17,1.0365
17.01,1.0371
17.02,1.0378
17.03,1.0384
17.04,1.039
17.05,1.0397
17.06,1.0403
17.07,1.041
17.08,1.0416
17.09,1.0422
17.1,1.0429
17.11,1.0435
17.12,1.0442
17.13,1.0448
17.14,1.0455
17.15,1.0461
17.16,1.0468
17.17,1.0474
17.18,1.0481
17.19,1.0487
17.2,1.0493
17.21,1.05
17.22,1.0506
17.23,1.0513
17.24,1.0519
17.25,1.0526
17.26,1.0532
17.27,1.0539
17.28,1.0545
17.29,1.0552
17.3,1.0558
17.31,1.0565
17.32,1.0572
17.33,1.0578
17.34,1.0585
17.35,1.0591
17.36,1.0598
17.37,1.0604
17.38,1.0611
17.39,1.0617
17.4,1.0624
17.41,1.0631
17.42,1.0637
17.43,1.0644
17.44,1.065
17.45,1.0657
17.46,1.0664
17.47,1.067
17.48,1.0677
17.49,1.0683
17.5,1.069
17.51,1.0697
17.52,1.0703
17.53,1.071
17.54,1.0717
17.55,1.0723
17.56,1.073
17.57,1.0737
17.58,1.0743
17.59,1.075
17.6,1.0757
17.61,1.0763
17.62,1.077
17.63,1.0777
17.64,1.0783
17.65,1.079
17.66,1.0797
17.67,1.0804
17.68,1.081
17.69,1.0817
17.7,1.0824
17.71,1.0831
17.72,1.0837
17.73,1.0844
17.74,1.0851
17.75,1.0857
17.76,1.0864
17.77,1.0871
17.78,1.0878
17.79,1.0885
17.8,1.0891
17.81,1.0898
17.82,1.0905
17.83,1.0912
17.84,1.0919
17.85,1.0925
17.86,1.0932
17.87,1.0939
17.88,1.0946
17.89,1.0953
17.9,1.0959
17.91,1.0966
17.92,1.0973
17.93,1.098
17.94,1.0987
17.95,1.0994
17.96,1.1001
17.97,1.1007
17.98,1.1014
17.99,1.1021
18,1.1028
18.01,1.1035
18.02,1.1042
18.03,1.1049
18.04,1.1056
18.05,1.1063
18.06,1.1069
18.07,1.1076
18.08,1.1083
18.09,1.109
18.1,1.1097
18.11,1.1104
18.12,1.1111
18.13,1.1118
18.14,1.1125
18.15,1.1132
18.16,1.1139
18.17,1.1146
18.18,1.1153
18.19,1.116
18.2,1.1167
18.21,1.1174
18.22,1.1181
18.23,1.1188
18.24,1.1195
18.25,1.1202
18.26,1.1209
18.27,1.1216
18.28,1.1223
18.29,1.123
18.3,1.1237
18.31,1.1244
18.32,1.1251
18.33,1.1258
18.34,1.1265
18.35,1.1272
18.36,1.1279
18.37,1.1286
18.38,1.1293
18.39,1.13
18.4,1.1307
18.41,1.1314
18.42,1.1322
18.43,1.1329
18.44,1.1336
18.45,1.1343
18.46,1.135
18.47,1.1357
18.48,1.1364
18.49,1.1371
18.5,1.1378
18.51,1.1386
18.52,1.1393
18.53,1.14
18.54,1.1407
18.55,1.1414
18.56,1.1421
18.57,1.1429
18.58,1.1436
18.59,1.1443
18.6,1.145
18.61,1.1457
18.62,1.1464
18.63,1.1472
18.64,1.1479
18.65,1.1486
18.66,1.1493
18.67,1.15
18.68,1.1508
18.69,1.1515
18.7,1.1522
18.71,1.1529
18.72,1.1537
18.73,1.1544
18.74,1.1551
18.75,1.1558
18.76,1.1566
18.77,1.1573
18.78,1.158
18.79,1.1587
18.8,1.1595
18.81,1.1602
18.82,1.1609
18.83,1.1617
18.84,1.1624
18.85,1.1631
18.86,1.1638
18.87,1.1646
18.88,1.1653
18.89,1.166
18.9,1.1668
18.91,1.1675
18.92,1.1682
18.93,1.169
18.94,1.1697
18.95,1.1704
18.96,1.1712
18.97,1.1719
18.98,1.1726
18.99,1.1734
19,1.1741
19.01,1.1749
19.02,1.1756
19.03,1.1763
19.04,1.1771
19.05,1.1778
19.06,1.1785
19.07,1.1793
19.08,1.18
19.09,1.1808
19.1,1.1815
19.11,1.1823
19.12,1.183
19.13,1.1837
19.14,1.1845
19.15,1.1852
19.16,1.186
19.17,1.1867
19.18,1.1875
19.19,1.1882
19.2,1.189
19.21,1.1897
19.22,1.1904
19.23,1.1912
19.24,1.1919
19.25,1.1927
19.26,1.1934
19.27,1.1942
19.28,1.1949
19.29,1.1957
19.3,1.1964
19.31,1.1972
19.32,1.1979
19.33,1.1987
19.34,1.1995
19.35,1.2002
19.36,1.201
19.37,1.2017
19.38,1.2025
19.39,1.2032
19.4,1.204
19.41,1.2047
19.42,1.2055
19.43,1.2062
19.44,1.207
19.45,1.2078
19.46,1.2085
19.47,1.2093
19.48,1.21
19.49,1.2108
19.5,1.2116
19.51,1.2123
19.52,1.2131
19.53,1.2138
19.54,1.2146
19.55,1.2154
19.56,1.2161
19.57,1.2169
19.58,1.2176
19.59,1.2184
19.6,1.2192
19.61,1.2199
19.62,1.2207
19.63,1.2215
19.64,1.2222
19.65,1.223
19.66,1.2238
19.67,1.2245
19.68,1.2253
19.69,1.2261
19.7,1.2268
19.71,1.2276
19.72,1.2284
19.73,1.2291
19.74,1.2299
19.75,1.2307
19.76,1.2315
19.77,1.2322
19.78,1.233
19.79,1.2338
19.8,1.2345
19.81,1.2353
19.82,1.2361
19.83,1.2369
19.84,1.2376
19.85,1.2384
19.86,1.2392
19.87,1.24
19.88,1.2407
19.89,1.2415
19.9,1.2423
19.91,1.2431
19.92,1.2438
19.93,1.2446
19.94,1.2454
19.95,1.2462
19.96,1.2469
19.97,1.2477
19.98,1.2485
19.99,1.2493
20,1.2501
