0,0.42349
0.01,0.42378
0.02,0.42407
0.03,0.42435
0.04,0.42464
0.05,0.42492
0.06,0.42521
0.07,0.42549
0.08,0.42578
0.09,0.42606
0.1,0.42634
0.11,0.42662
0.12,0.4269
0.13,0.42718
0.14,0.42746
0.15,0.42773
0.16,0.42801
0.17,0.42829
0.18,0.42856
0.19,0.42884
0.2,0.42911
0.21,0.42939
0.22,0.42966
0.23,0.42993
0.24,0.43021
0.25,0.43048
0.26,0.43075
0.27,0.43102
0.28,0.43129
0.29,0.43156
0.3,0.43183
0.31,0.4321
0.32,0.43236
0.33,0.43263
0.34,0.4329
0.35,0.43316
0.36,0.43343
0.37,0.43369
0.38,0.43396
0.39,0.43422
0.4,0.43449
0.41,0.43475
0.42,0.43501
0.43,0.43527
0.44,0.43554
0.45,0.4358
0.46,0.43606
0.47,0.43632
0.48,0.43658
0.49,0.43684
0.5,0.4371
0.51,0.43735
0.52,0.43761
0.53,0.43787
0.54,0.43813
0.55,0.43838
0.56,0.43864
0.57,0.4389
0.58,0.43915
0.59,0.43941
0.6,0.43966
0.61,0.43992
0.62,0.44017
0.63,0.44043
0.64,0.44068
0.65,0.44093
0.66,0.44119
0.67,0.44144
0.68,0.44169
0.69,0.44194
0.7,0.44219
0.71,0.44245
0.72,0.4427
0.73,0.44295
0.74,0.4432
0.75,0.44345
0.76,0.4437
0.77,0.44395
0.78,0.4442
0.79,0.44445
0.8,0.4447
0.81,0.44494
0.82,0.44519
0.83,0.44544
0.84,0.44569
0.85,0.44594
0.86,0.44618
0.87,0.44643
0.88,0.44668
0.89,0.44692
0.9,0.44717
0.91,0.44742
0.92,0.44766
0.93,0.44791
0.94,0.44815
0.95,0.4484
0.96,0.44864
0.97,0.44889
0.98,0.44913
0.99,0.44938
1,0.44962
1.01,0.44987
1.02,0.45011
1.03,0.45036
1.04,0.4506
1.05,0.45084
1.06,0.45109
1.07,0.45133
1.08,0.45157
1.09,0.45182
1.1,0.45206
1.11,0.4523
1.12,0.45255
1.13,0.45279
1.14,0.45303
1.15,0.45327
1.16,0.45352
1.17,0.45376
1.18,0.454
1.19,0.45424
1.2,0.45448
1.21,0.45473
1.22,0.45497
1.23,0.45521
1.24,0.45545
1.25,0.45569
1.26,0.45593
1.27,0.45618
1.28,0.45642
1.29,0.45666
1.3,0.4569
1.31,0.45714
1.32,0.45738
1.33,0.45762
1.34,0.45786
1.35,0.45811
1.36,0.45835
1.37,0.45859
1.38,0.45883
1.39,0.45907
1.4,0.45931
1.41,0.45955
1.42,0.45979
1.43,0.46003
1.44,0.46027
1.45,0.46051
1.46,0.46076
1.47,0.461
1.48,0.46124
1.49,0.46148
1.5,0.46172
1.51,0.46196
1.52,0.4622
1.53,0.46244
1.54,0.46268
1.55,0.46292
1.56,0.46316
1.57,0.46341
1.58,0.46365
1.59,0.46389
1.6,0.46413
1.61,0.46437
1.62,0.46461
1.63,0.46485
1.64,0.46509
1.65,0.46533
1.66,0.46558
1.67,0.46582
1.68,0.46606
1.69,0.4663
1.7,0.46654
1.71,0.46678
1.72,0.46703
1.73,0.46727
1.74,0.46751
1.75,0.46775
1.76,0.46799
1.77,0.46824
1.78,0.46848
1.79,0.46872
1.8,0.46896
1.81,0.4692
1.82,0.46945
1.83,0.46969
1.84,0.46993
1.85,0.47017
1.86,0.47042
1.87,0.47066
1.88,0.4709
1.89,0.47115
1.9,0.47139
1.91,0.47163
1.92,0.47188
1.93,0.47212
1.94,0.47236
1.95,0.47261
1.96,0.47285
1.97,0.4731
1.98,0.47334
1.99,0.47359
2,0.47383
2.01,0.47407
2.02,0.47432
2.03,0.47456
2.04,0.47481
2.05,0.47505
2.06,0.4753
2.07,0.47555
2.08,0.47579
2.09,0.47604
2.1,0.47628
2.11,0.47653
2.12,0.47677
2.13,0.47702
2.14,0.47727
2.15,0.47751
2.16,0.47776
2.17,0.47801
2.18,0.47826
2.19,0.4785
2.2,0.47875
2.21,0.479
2.22,0.47925
2.23,0.47949
2.24,0.47974
2.25,0.47999
2.26,0.48024
2.27,0.48049
2.28,0.48074
2.29,0.48098
2.3,0.48123
2.31,0.48148
2.32,0.48173
2.33,0.48198
2.34,0.48223
2.35,0.48248
2.36,0.48273
2.37,0.48298
2.38,0.48323
2.39,0.48348
2.4,0.48373
2.41,0.48399
2.42,0.48424
2.43,0.48449
2.44,0.48474
2.45,0.48499
2.46,0.48524
2.47,0.4855
2.48,0.48575
2.49,0.486
2.5,0.48625
2.51,0.48651
2.52,0.48676
2.53,0.48701
2.54,0.48727
2.55,0.48752
2.56,0.48778
2.57,0.48803
2.58,0.48829
2.59,0.48854
2.6,0.4888
2.61,0.48905
2.62,0.48931
2.63,0.48956
2.64,0.48982
2.65,0.49007
2.66,0.49033
2.67,0.49059
2.68,0.49084
2.69,0.4911
2.7,0.49136
2.71,0.49161
2.72,0.49187
2.73,0.49213
2.74,0.49239
2.75,0.49265
2.76,0.4929
2.77,0.49316
2.78,0.49342
2.79,0.49368
2.8,0.49394
2.81,0.4942
2.82,0.49446
2.83,0.49472
2.84,0.49498
2.85,0.49524
2.86,0.4955
2.87,0.49576
2.88,0.49602
2.89,0.49629
2.9,0.49655
2.91,0.49681
2.92,0.49707
2.93,0.49733
2.94,0.4976
2.95,0.49786
2.96,0.49812
2.97,0.49839
2.98,0.49865
2.99,0.49891
3,0.49918
3.01,0.49944
3.02,0.49971
3.03,0.49997
3.04,0.50024
3.05,0.5005
3.06,0.50077
3.07,0.50103
3.08,0.5013
3.09,0.50157
3.1,0.50183
3.11,0.5021
3.12,0.50237
3.13,0.50263
3.14,0.5029
3.15,0.50317
3.16,0.50344
3.17,0.50371
3.18,0.50397
3.19,0.50424
3.2,0.50451
3.21,0.50478
3.22,0.50505
3.23,0.50532
3.24,0.50559
3.25,0.50586
3.26,0.50613
3.27,0.5064
3.28,0.50667
3.29,0.50695
3.3,0.50722
3.31,0.50749
3.32,0.50776
3.33,0.50803
3.34,0.50831
3.35,0.50858
3.36,0.50885
3.37,0.50913
3.38,0.5094
3.39,0.50967
3.4,0.50995
3.41,0.51022
3.42,0.5105
3.43,0.51077
3.44,0.51105
3.45,0.51132
3.46,0.5116
3.47,0.51187
3.48,0.51215
3.49,0.51243
3.5,0.5127
3.51,0.51298
3.52,0.51326
3.53,0.51354
3.54,0.51381
3.55,0.51409
3.56,0.51437
3.57,0.51465
3.58,0.51493
3.59,0.51521
3.6,0.51549
3.61,0.51577
3.62,0.51605
3.63,0.51633
3.64,0.51661
3.65,0.51689
3.66,0.51717
3.67,0.51745
3.68,0.51773
3.69,0.51801
3.7,0.5183
3.71,0.51858
3.72,0.51886
3.73,0.51914
3.74,0.51943
3.75,0.51971
3.76,0.51999
3.77,0.52028
3.78,0.52056
3.79,0.52085
3.8,0.52113
3.81,0.52142
3.82,0.5217
3.83,0.52199
3.84,0.52227
3.85,0.52256
3.86,0.52285
3.87,0.52313
3.88,0.52342
3.89,0.52371
3.9,0.52399
3.91,0.52428
3.92,0.52457
3.93,0.52486
3.94,0.52515
3.95,0.52543
3.96,0.52572
3.97,0.52601
3.98,0.5263
3.99,0.52659
4,0.52688
4.01,0.52717
4.02,0.52746
4.03,0.52775
4.04,0.52805
4.05,0.52834
4.06,0.52863
4.07,0.52892
4.08,0.52921
4.09,0.52951
4.1,0.5298
4.11,0.53009
4.12,0.53038
4.13,0.53068
4.14,0.53097
4.15,0.53127
4.16,0.53156
4.17,0.53185
4.18,0.53215
4.19,0.53244
4.2,0.53274
4.21,0.53304
4.22,0.53333
4.23,0.53363
4.24,0.53392
4.25,0.53422
4.26,0.53452
4.27,0.53482
4.28,0.53511
4.29,0.53541
4.3,0.53571
4.31,0.53601
4.32,0.53631
4.33,0.53661
4.34,0.5369
4.35,0.5372
4.36,0.5375
4.37,0.5378
4.38,0.5381
4.39,0.5384
4.4,0.5387
4.41,0.53901
4.42,0.53931
4.43,0.53961
4.44,0.53991
4.45,0.54021
4.46,0.54052
4.47,0.54082
4.48,0.54112
4.49,0.54142
4.5,0.54173
4.51,0.54203
4.52,0.54233
4.53,0.54264
4.54,0.54294
4.55,0.54325
4.56,0.54355
4.57,0.54386
4.58,0.54416
4.59,0.54447
4.6,0.54478
4.61,0.54508
4.62,0.54539
4.63,0.5457
4.64,0.546
4.65,0.54631
4.66,0.54662
4.67,0.54693
4.68,0.54723
4.69,0.54754
4.7,0.54785
4.71,0.54816
4.72,0.54847
4.73,0.54878
4.74,0.54909
4.75,0.5494
4.76,0.54971
4.77,0.55002
4.78,0.55033
4.79,0.55064
4.8,0.55095
4.81,0.55126
4.82,0.55157
4.83,0.55189
4.84,0.5522
4.85,0.55251
4.86,0.55282
4.87,0.55314
4.88,0.55345
4.89,0.55376
4.9,0.55408
4.91,0.55439
4.92,0.55471
4.93,0.55502
4.94,0.55534
4.95,0.55565
4.96,0.55597
4.97,0.55628
4.98,0.5566
4.99,0.55692
5,0.55723
5.01,0.55755
5.02,0.55787
5.03,0.55818
5.04,0.5585
5.05,0.55882
5.06,0.55914
5.07,0.55945
5.08,0.55977
5.09,0.56009
5.1,0.56041
5.11,0.56073
5.12,0.56105
5.13,0.56137
5.14,0.56169
5.15,0.56201
5.16,0.56233
5.17,0.56265
5.18,0.56297
5.19,0.56329
5.2,0.56361
5.21,0.56394
5.22,0.56426
5.23,0.56458
5.24,0.5649
5.25,0.56523
5.26,0.56555
5.27,0.56587
5.28,0.5662
5.29,0.56652
5.3,0.56684
5.31,0.56717
5.32,0.56749
5.33,0.56782
5.34,0.56814
5.35,0.56847
5.36,0.5688
5.37,0.56912
5.38,0.56945
5.39,0.56977
5.4,0.5701
5.41,0.57043
5.42,0.57075
5.43,0.57108
5.44,0.57141
5.45,0.57174
5.46,0.57207
5.47,0.57239
5.48,0.57272
5.49,0.57305
5.5,0.57338
5.51,0.57371
5.52,0.57404
5.53,0.57437
5.54,0.5747
5.55,0.57503
5.56,0.57536
5.57,0.57569
5.58,0.57602
5.59,0.57636
5.6,0.57669
5.61,0.57702
5.62,0.57735
5.63,0.57768
5.64,0.57802
5.65,0.57835
5.66,0.57868
5.67,0.57902
5.68,0.57935
5.69,0.57968
5.7,0.58002
5.71,0.58035
5.72,0.58069
5.73,0.58102
5.74,0.58136
5.75,0.58169
5.76,0.58203
5.77,0.58236
5.78,0.5827
5.79,0.58304
5.8,0.58337
5.81,0.58371
5.82,0.58405
5.83,0.58438
5.84,0.58472
5.85,0.58506
5.86,0.5854
5.87,0.58574
5.88,0.58608
5.89,0.58641
5.9,0.58675
5.91,0.58709
5.92,0.58743
5.93,0.58777
5.94,0.58811
5.95,0.58845
5.96,0.58879
5.97,0.58914
5.98,0.58948
5.99,0.58982
6,0.59016
6.01,0.5905
6.02,0.59084
6.03,0.59119
6.04,0.59153
6.05,0.59187
6.06,0.59221
6.07,0.59256
6.08,0.5929
6.09,0.59325
6.1,0.59359
6.11,0.59393
6.12,0.59428
6.13,0.59462
6.14,0.59497
6.15,0.59531
6.16,0.59566
6.17,0.59601
6.18,0.59635
6.19,0.5967
6.2,0.59704
6.21,0.59739
6.22,0.59774
6.23,0.59809
6.24,0.59843
6.25,0.59878
6.26,0.59913
6.27,0.59948
6.28,0.59983
6.29,0.60017
6.3,0.60052
6.31,0.60087
6.32,0.60122
6.33,0.60157
6.34,0.60192
6.35,0.60227
6.36,0.60262
6.37,0.60297
6.38,0.60332
6.39,0.60368
6.4,0.60403
6.41,0.60438
6.42,0.60473
6.43,0.60508
6.44,0.60544
6.45,0.60579
6.46,0.60614
6.47,0.60649
6.48,0.60685
6.49,0.6072
6.5,0.60756
6.51,0.60791
6.52,0.60826
6.53,0.60862
6.54,0.60897
6.55,0.60933
6.56,0.60968
6.57,0.61004
6.58,0.6104
6.59,0.61075
6.6,0.61111
6.61,0.61147
6.62,0.61182
6.63,0.61218
6.64,0.61254
6.65,0.61289
6.66,0.61325
6.67,0.61361
6.68,0.61397
6.69,0.61433
6.7,0.61469
6.71,0.61505
6.72,0.6154
6.73,0.61576
6.74,0.61612
6.75,0.61648
6.76,0.61684
6.77,0.61721
6.78,0.61757
6.79,0.61793
6.8,0.61829
6.81,0.61865
6.82,0.61901
6.83,0.61937
6.84,0.61974
6.85,0.6201
6.86,0.62046
6.87,0.62082
6.88,0.62119
6.89,0.62155
6.9,0.62192
6.91,0.62228
6.92,0.62264
6.93,0.62301
6.94,0.62337
6.95,0.62374
6.96,0.6241
6.97,0.62447
6.98,0.62483
6.99,0.6252
7,0.62557
7.01,0.62593
7.02,0.6263
7.03,0.62667
7.04,0.62703
7.05,0.6274
7.06,0.62777
7.07,0.62814
7.08,0.62851
7.09,0.62887
7.1,0.62924
7.11,0.62961
7.12,0.62998
7.13,0.63035
7.14,0.63072
7.15,0.63109
7.16,0.63146
7.17,0.63183
7.18,0.6322
7.19,0.63257
7.2,0.63294
7.21,0.63332
7.22,0.63369
7.23,0.63406
7.24,0.63443
7.25,0.6348
7.26,0.63518
7.27,0.63555
7.28,0.63592
7.29,0.6363
7.3,0.63667
7.31,0.63704
7.32,0.63742
7.33,0.63779
7.34,0.63817
7.35,0.63854
7.36,0.63892
7.37,0.63929
7.38,0.63967
7.39,0.64004
7.4,0.64042
7.41,0.6408
7.42,0.64117
7.43,0.64155
7.44,0.64193
7.45,0.64231
7.46,0.64268
7.47,0.64306
7.48,0.64344
7.49,0.64382
7.5,0.6442
7.51,0.64458
7.52,0.64496
7.53,0.64534
7.54,0.64571
7.55,0.64609
7.56,0.64648
7.57,0.64686
7.58,0.64724
7.59,0.64762
7.6,0.648
7.61,0.64838
7.62,0.64876
7.63,0.64914
7.64,0.64953
7.65,0.64991
7.66,0.65029
7.67,0.65068
7.68,0.65106
7.69,0.65144
7.7,0.65183
7.71,0.65221
7.72,0.65259
7.73,0.65298
7.74,0.65336
7.75,0.65375
7.76,0.65413
7.77,0.65452
7.78,0.65491
7.79,0.65529
7.8,0.65568
7.81,0.65607
7.82,0.65645
7.83,0.65684
7.84,0.65723
7.85,0.65761
7.86,0.658
7.87,0.65839
7.88,0.65878
7.89,0.65917
7.9,0.65956
7.91,0.65995
7.92,0.66034
7.93,0.66073
7.94,0.66112
7.95,0.66151
7.96,0.6619
7.97,0.66229
7.98,0.66268
7.99,0.66307
8,0.66346
8.01,0.66385
8.02,0.66425
8.03,0.66464
8.04,0.66503
8.05,0.66542
8.06,0.66582
8.07,0.66621
8.08,0.6666
8.09,0.667
8.1,0.66739
8.11,0.66779
8.12,0.66818
8.13,0.66858
8.14,0.66897
8.15,0.66937
8.16,0.66976
8.17,0.67016
8.18,0.67056
8.19,0.67095
8.2,0.67135
8.21,0.67175
8.22,0.67214
8.23,0.67254
8.24,0.67294
8.25,0.67334
8.26,0.67374
8.27,0.67413
8.28,0.67453
8.29,0.67493
8.3,0.67533
8.31,0.67573
8.32,0.67613
8.33,0.67653
8.34,0.67693
8.35,0.67733
8.36,0.67774
8.37,0.67814
8.38,0.67854
8.39,0.67894
8.4,0.67934
8.41,0.67975
8.42,0.68015
8.43,0.68055
8.44,0.68095
8.45,0.68136
8.46,0.68176
8.47,0.68217
8.48,0.68257
8.49,0.68298
8.5,0.68338
8.51,0.68379
8.52,0.68419
8.53,0.6846
8.54,0.685
8.55,0.68541
8.56,0.68582
8.57,0.68622
8.58,0.68663
8.59,0.68704
8.6,0.68744
8.61,0.68785
8.62,0.68826
8.63,0.68867
8.64,0.68908
8.65,0.68949
8.66,0.6899
8.67,0.69031
8.68,0.69072
8.69,0.69113
8.7,0.69154
8.71,0.69195
8.72,0.69236
8.73,0.69277
8.74,0.69318
8.75,0.69359
8.76,0.69401
8.77,0.69442
8.78,0.69483
8.79,0.69524
8.8,0.69566
8.81,0.69607
8.82,0.69648
8.83,0.6969
8.84,0.69731
8.85,0.69773
8.86,0.69814
8.87,0.69856
8.88,0.69897
8.89,0.69939
8.9,0.69981
8.91,0.70022
8.92,0.70064
8.93,0.70105
8.94,0.70147
8.95,0.70189
8.96,0.70231
8.97,0.70273
8.98,0.70314
8.99,0.70356
9,0.70398
9.01,0.7044
9.02,0.70482
9.03,0.70524
9.04,0.70566
9.05,0.70608
9.06,0.7065
9.07,0.70692
9.08,0.70734
9.09,0.70776
9.1,0.70819
9.11,0.70861
9.12,0.70903
9.13,0.70945
9.14,0.70988
9.15,0.7103
9.16,0.71072
9.17,0.71115
9.18,0.71157
9.19,0.712
9.2,0.71242
9.21,0.71284
9.22,0.71327
9.23,0.7137
9.24,0.71412
9.25,0.71455
9.26,0.71497
9.27,0.7154
9.28,0.71583
9.29,0.71625
9.3,0.71668
9.31,0.71711
9.32,0.71754
9.33,0.71797
9.34,0.7184
9.35,0.71882
9.36,0.71925
9.37,0.71968
9.38,0.72011
9.39,0.72054
9.4,0.72097
9.41,0.72141
9.42,0.72184
9.43,0.72227
9.44,0.7227
9.45,0.72313
9.46,0.72356
9.47,0.724
9.48,0.72443
9.49,0.72486
9.5,0.7253
9.51,0.72573
9.52,0.72616
9.53,0.7266
9.54,0.72703
9.55,0.72747
9.56,0.7279
9.57,0.72834
9.58,0.72878
9.59,0.72921
9.6,0.72965
9.61,0.73008
9.62,0.73052
9.63,0.73096
9.64,0.7314
9.65,0.73183
9.66,0.73227
9.67,0.73271
9.68,0.73315
9.69,0.73359
9.7,0.73403
9.71,0.73447
9.72,0.73491
9.73,0.73535
9.74,0.73579
9.75,0.73623
9.76,0.73667
9.77,0.73711
9.78,0.73756
9.79,0.738
9.8,0.73844
9.81,0.73888
9.82,0.73933
9.83,0.73977
9.84,0.74022
9.85,0.74066
9.86,0.7411
9.87,0.74155
9.88,0.74199
9.89,0.74244
9.9,0.74288
9.91,0.74333
9.92,0.74378
9.93,0.74422
9.94,0.74467
9.95,0.74512
9.96,0.74557
9.97,0.74601
9.98,0.74646
9.99,0.74691
10,0.74736
10.01,0.74781
10.02,0.74826
10.03,0.74871
10.04,0.74916
10.05,0.74961
10.06,0.75006
10.07,0.75051
10.08,0.75096
10.09,0.75141
10.1,0.75186
10.11,0.75232
10.12,0.75277
10.13,0.75322
10.14,0.75367
10.15,0.75413
10.16,0.75458
10.17,0.75504
10.18,0.75549
10.19,0.75594
10.2,0.7564
10.21,0.75686
10.22,0.75731
10.23,0.75777
10.24,0.75822
10.25,0.75868
10.26,0.75914
10.27,0.75959
10.28,0.76005
10.29,0.76051
10.3,0.76097
10.31,0.76143
10.32,0.76189
10.33,0.76234
10.34,0.7628
10.35,0.76326
10.36,0.76372
10.37,0.76419
10.38,0.76465
10.39,0.76511
10.4,0.76557
10.41,0.76603
10.42,0.76649
10.43,0.76695
10.44,0.76742
10.45,0.76788
10.46,0.76834
10.47,0.76881
10.48,0.76927
10.49,0.76974
10.5,0.7702
10.51,0.77067
10.52,0.77113
10.53,0.7716
10.54,0.77206
10.55,0.77253
10.56,0.773
10.57,0.77346
10.58,0.77393
10.59,0.7744
10.6,0.77487
10.61,0.77533
10.62,0.7758
10.63,0.77627
10.64,0.77674
10.65,0.77721
10.66,0.77768
10.67,0.77815
10.68,0.77862
10.69,0.77909
10.7,0.77956
10.71,0.78004
10.72,0.78051
10.73,0.78098
10.74,0.78145
10.75,0.78193
10.76,0.7824
10.77,0.78287
10.78,0.78335
10.79,0.78382
10.8,0.78429
10.81,0.78477
10.82,0.78524
10.83,0.78572
10.84,0.7862
10.85,0.78667
10.86,0.78715
10.87,0.78763
10.88,0.7881
10.89,0.78858
10.9,0.78906
10.91,0.78954
10.92,0.79002
10.93,0.79049
10.94,0.79097
10.95,0.79145
10.96,0.79193
10.97,0.79241
10.98,0.79289
10.99,0.79337
11,0.79386
11.01,0.79434
11.02,0.79482
11.03,0.7953
11.04,0.79578
11.05,0.79627
11.06,0.79675
11.07,0.79723
11.08,0.79772
11.09,0.7982
11.1,0.79869
11.11,0.79917
11.12,0.79966
11.13,0.80014
11.14,0.80063
11.15,0.80112
11.16,0.8016
11.17,0.80209
11.18,0.80258
11.19,0.80306
11.2,0.80355
11.21,0.80404
11.22,0.80453
11.23,0.80502
11.24,0.80551
11.25,0.806
11.26,0.80649
11.27,0.80698
11.28,0.80747
11.29,0.80796
11.3,0.80845
11.31,0.80894
11.32,0.80943
11.33,0.80993
11.34,0.81042
11.35,0.81091
11.36,0.81141
11.37,0.8119
11.38,0.81239
11.39,0.81289
11.4,0.81338
11.41,0.81388
11.42,0.81438
11.43,0.81487
11.44,0.81537
11.45,0.81586
11.46,0.81636
11.47,0.81686
11.48,0.81736
11.49,0.81785
11.5,0.81835
11.51,0.81885
11.52,0.81935
11.53,0.81985
11.54,0.82035
11.55,0.82085
11.56,0.82135
11.57,0.82185
11.58,0.82235
11.59,0.82285
11.6,0.82335
11.61,0.82386
11.62,0.82436
11.63,0.82486
11.64,0.82537
11.65,0.82587
11.66,0.82637
11.67,0.82688
11.68,0.82738
11.69,0.82789
11.7,0.82839
11.71,0.8289
11.72,0.8294
11.73,0.82991
11.74,0.83042
11.75,0.83092
11.76,0.83143
11.77,0.83194
11.78,0.83245
11.79,0.83296
11.8,0.83346
11.81,0.83397
11.82,0.83448
11.83,0.83499
11.84,0.8355
11.85,0.83601
11.86,0.83653
11.87,0.83704
11.88,0.83755
11.89,0.83806
11.9,0.83857
11.91,0.83909
11.92,0.8396
11.93,0.84011
11.94,0.84063
11.95,0.84114
11.96,0.84165
11.97,0.84217
11.98,0.84268
11.99,0.8432
12,0.84372
12.01,0.84423
12.02,0.84475
12.03,0.84527
12.04,0.84578
12.05,0.8463
12.06,0.84682
12.07,0.84734
12.08,0.84786
12.09,0.84837
12.1,0.84889
12.11,0.84941
12.12,0.84993
12.13,0.85046
12.14,0.85098
12.15,0.8515
12.16,0.85202
12.17,0.85254
12.18,0.85306
12.19,0.85359
12.2,0.85411
12.21,0.85463
12.22,0.85516
12.23,0.85568
12.24,0.8562
12.25,0.85673
12.26,0.85725
12.27,0.85778
12.28,0.85831
12.29,0.85883
12.3,0.85936
12.31,0.85989
12.32,0.86041
12.33,0.86094
12.34,0.86147
12.35,0.862
12.36,0.86253
12.37,0.86306
12.38,0.86359
12.39,0.86412
12.4,0.86465
12.41,0.86518
12.42,0.86571
12.43,0.86624
12.44,0.86677
12.45,0.8673
12.46,0.86784
12.47,0.86837
12.48,0.8689
12.49,0.86943
12.5,0.86997
12.51,0.8705
12.52,0.87104
12.53,0.87157
12.54,0.87211
12.55,0.87264
12.56,0.87318
12.57,0.87372
12.58,0.87425
12.59,0.87479
12.6,0.87533
12.61,0.87587
12.62,0.8764
12.63,0.87694
12.64,0.87748
12.65,0.87802
12.66,0.87856
12.67,0.8791
12.68,0.87964
12.69,0.88018
12.7,0.88072
12.71,0.88126
12.72,0.88181
12.73,0.88235
12.74,0.88289
12.75,0.88343
12.76,0.88398
12.77,0.88452
12.78,0.88507
12.79,0.88561
12.8,0.88616
12.81,0.8867
12.82,0.88725
12.83,0.88779
12.84,0.88834
12.85,0.88888
12.86,0.88943
12.87,0.88998
12.88,0.89053
12.89,0.89108
12.9,0.89162
12.91,0.89217
12.92,0.89272
12.93,0.89327
12.94,0.89382
12.95,0.89437
12.96,0.89492
12.97,0.89547
12.98,0.89603
12.99,0.89658
13,0.89713
13.01,0.89768
13.02,0.89824
13.03,0.89879
13.04,0.89934
13.05,0.8999
13.06,0.90045
13.07,0.90101
13.08,0.90156
13.09,0.90212
13.1,0.90267
13.11,0.90323
13.12,0.90379
13.13,0.90434
13.14,0.9049
13.15,0.90546
13.16,0.90602
13.17,0.90657
13.18,0.90713
13.19,0.90769
13.2,0.90825
13.21,0.90881
13.22,0.90937
13.23,0.90993
13.24,0.91049
13.25,0.91106
13.26,0.91162
13.27,0.91218
13.28,0.91274
13.29,0.91331
13.3,0.91387
13.31,0.91443
13.32,0.915
13.33,0.91556
13.34,0.91613
13.35,0.91669
13.36,0.91726
13.37,0.91782
13.38,0.91839
13.39,0.91896
13.4,0.91952
13.41,0.92009
13.42,0.92066
13.43,0.92123
13.44,0.9218
13.45,0.92237
13.46,0.92293
13.47,0.9235
13.48,0.92407
13.49,0.92464
13.5,0.92522
13.51,0.92579
13.52,0.92636
13.53,0.92693
13.54,0.9275
13.55,0.92808
13.56,0.92865
13.57,0.92922
13.58,0.9298
13.59,0.93037
13.6,0.93095
13.61,0.93152
13.62,0.9321
13.63,0.93267
13.64,0.93325
13.65,0.93382
13.66,0.9344
13.67,0.93498
13.68,0.93556
13.69,0.93613
13.7,0.93671
13.71,0.93729
13.72,0.93787
13.73,0.93845
13.74,0.93903
13.75,0.93961
13.76,0.94019
13.77,0.94077
13.78,0.94135
13.79,0.94194
13.8,0.94252
13.81,0.9431
13.82,0.94368
13.83,0.94427
13.84,0.94485
13.85,0.94543
13.86,0.94602
13.87,0.9466
13.88,0.94719
13.89,0.94777
13.9,0.94836
13.91,0.94895
13.92,0.94953
13.93,0.95012
13.94,0.95071
13.95,0.9513
13.96,0.95189
13.97,0.95247
13.98,0.95306
13.99,0.95365
14,0.95424
14.01,0.95483
14.02,0.95542
14.03,0.95601
14.04,0.95661
14.05,0.9572
14.06,0.95779
14.07,0.95838
14.08,0.95897
14.09,0.95957
14.1,0.96016
14.11,0.96076
14.12,0.96135
14.13,0.96194
14.14,0.96254
14.15,0.96314
14.16,0.96373
14.17,0.96433
14.18,0.96492
14.19,0.96552
14.2,0.96612
14.21,0.96672
14.22,0.96732
14.23,0.96791
14.24,0.96851
14.25,0.96911
14.26,0.96971
14.27,0.97031
14.28,0.97091
14.29,0.97151
14.3,0.97212
14.31,0.97272
14.32,0.97332
14.33,0.97392
14.34,0.97452
14.35,0.97513
14.36,0.97573
14.37,0.97634
14.38,0.97694
14.39,0.97755
14.4,0.97815
14.41,0.97876
14.42,0.97936
14.43,0.97997
14.44,0.98058
14.45,0.98118
14.46,0.98179
14.47,0.9824
14.48,0.98301
14.49,0.98361
14.5,0.98422
14.51,0.98483
14.52,0.98544
14.53,0.98605
14.54,0.98666
14.55,0.98728
14.56,0.98789
14.57,0.9885
14.58,0.98911
14.59,0.98972
14.6,0.99034
14.61,0.99095
14.62,0.99156
14.63,0.99218
14.64,0.99279
14.65,0.99341
14.66,0.99402
14.67,0.99464
14.68,0.99525
14.69,0.99587
14.7,0.99649
14.71,0.9971
14.72,0.99772
14.73,0.99834
14.74,0.99896
14.75,0.99958
14.76,1.0002
14.77,1.0008
14.78,1.0014
14.79,1.0021
14.8,1.0027
14.81,1.0033
14.82,1.0039
14.83,1.0045
14.84,1.0052
14.85,1.0058
14.86,1.0064
14.87,1.007
14.88,1.0077
14.89,1.0083
14.9,1.0089
14.91,1.0095
14.92,1.0102
14.93,1.0108
14.94,1.0114
14.95,1.012
14.96,1.0127
14.97,1.0133
14.98,1.0139
14.99,1.0145
15,1.0152
15.01,1.0158
15.02,1.0164
15.03,1.0171
15.04,1.0177
15.05,1.0183
15.06,1.019
15.07,1.0196
15.08,1.0202
15.09,1.0209
15.1,1.0215
15.11,1.0221
15.12,1.0228
15.13,1.0234
15.14,1.024
15.15,1.0247
15.16,1.0253
15.17,1.0259
15.18,1.0266
15.19,1.0272
15.2,1.0278
15.21,1.0285
15.22,1.0291
15.23,1.0297
15.24,1.0304
15.25,1.031
15.26,1.0317
15.27,1.0323
15.28,1.0329
15.29,1.0336
15.3,1.0342
15.31,1.0349
15.32,1.0355
15.33,1.0361
15.34,1.0368
15.35,1.0374
15.36,1.0381
15.37,1.0387
15.38,1.0394
15.39,1.04
15.4,1.0407
15.41,1.0413
15.42,1.0419
15.43,1.0426
15.44,1.0432
15.45,1.0439
15.46,1.0445
15.47,1.0452
15.48,1.0458
15.49,1.0465
15.5,1.0471
15.51,1.0478
15.52,1.0484
15.53,1.0491
15.54,1.0497
15.55,1.0504
15.56,1.051
15.57,1.0517
15.58,1.0523
15.59,1.053
15.6,1.0536
15.61,1.0543
15.62,1.0549
15.63,1.0556
15.64,1.0562
15.65,1.0569
15.66,1.0576
15.67,1.0582
15.68,1.0589
15.69,1.0595
15.7,1.0602
15.71,1.0608
15.72,1.0615
15.73,1.0622
15.74,1.0628
15.75,1.0635
15.76,1.0641
15.77,1.0648
15.78,1.0654
15.79,1.0661
15.8,1.0668
15.81,1.0674
15.82,1.0681
15.83,1.0688
15.84,1.0694
15.85,1.0701
15.86,1.0707
15.87,1.0714
15.88,1.0721
15.89,1.0727
15.9,1.0734
15.91,1.0741
15.92,1.0747
15.93,1.0754
15.94,1.0761
15.95,1.0767
15.96,1.0774
15.97,1.0781
15.98,1.0787
15.99,1.0794
16,1.0801
16.01,1.0807
16.02,1.0814
16.03,1.0821
16.04,1.0828
16.05,1.0834
16.06,1.0841
16.07,1.0848
16.08,1.0854
16.09,1.0861
16.1,1.0868
16.11,1.0875
16.12,1.0881
16.13,1.0888
16.14,1.0895
16.15,1.0902
16.16,1.0908
16.17,1.0915
16.18,1.0922
16.19,1.0929
16.2,1.0935
16.21,1.0942
16.22,1.0949
16.23,1.0956
16.24,1.0963
16.25,1.0969
16.26,1.0976
16.27,1.0983
16.28,1.099
16.29,1.0997
16.3,1.1003
16.31,1.101
16.32,1.1017
16.33,1.1024
16.34,1.1031
16.35,1.1038
16.36,1.1044
16.37,1.1051
16.38,1.1058
16.39,1.1065
16.4,1.1072
16.41,1.1079
16.42,1.1086
16.43,1.1092
16.44,1.1099
16.45,1.1106
16.46,1.1113
16.47,1.112
16.48,1.1127
16.49,1.1134
16.5,1.1141
16.51,1.1147
16.52,1.1154
16.53,1.1161
16.54,1.1168
16.55,1.1175
16.56,1.1182
16.57,1.1189
16.58,1.1196
16.59,1.1203
16.6,1.121
16.61,1.1217
16.62,1.1224
16.63,1.1231
16.64,1.1238
16.65,1.1245
16.66,1.1252
16.67,1.1259
16.68,1.1266
16.69,1.1272
16.7,1.1279
16.71,1.1286
16.72,1.1293
16.73,1.13
16.74,1.1307
16.75,1.1314
16.76,1.1321
16.77,1.1328
16.78,1.1335
16.79,1.1343
16.8,1.135
16.81,1.1357
16.82,1.1364
16.83,1.1371
16.84,1.1378
16.85,1.1385
16.86,1.1392
16.87,1.1399
16.88,1.1406
16.89,1.1413
16.9,1.142
16.91,1.1427
16.92,1.1434
16.93,1.1441
16.94,1.1448
16.95,1.1455
16.96,1.1463
16.97,1.147
16.98,1.1477
16.99,1.1484
17,1.1491
17.01,1.1498
17.02,1.1505
17.03,1.1512
17.04,1.1519
17.05,1.1527
17.06,1.1534
17.07,1.1541
17.08,1.1548
17.09,1.1555
17.1,1.1562
17.11,1.157
17.12,1.1577
17.13,1.1584
17.14,1.1591
17.15,1.1598
17.16,1.1605
17.17,1.1613
17.18,1.162
17.19,1.1627
17.2,1.1634
17.21,1.1641
17.22,1.1649
17.23,1.1656
17.24,1.1663
17.25,1.167
17.26,1.1677
17.27,1.1685
17.28,1.1692
17.29,1.1699
17.3,1.1706
17.31,1.1714
17.32,1.1721
17.33,1.1728
17.34,1.1735
17.35,1.1743
17.36,1.175
17.37,1.1757
17.38,1.1764
17.39,1.1772
17.4,1.1779
17.41,1.1786
17.42,1.1794
17.43,1.1801
17.44,1.1808
17.45,1.1816
17.46,1.1823
17.47,1.183
17.48,1.1837
17.49,1.1845
17.5,1.1852
17.51,1.1859
17.52,1.1867
17.53,1.1874
17.54,1.1881
17.55,1.1889
17.56,1.1896
17.57,1.1904
17.58,1.1911
17.59,1.1918
17.6,1.1926
17.61,1.1933
17.62,1.194
17.63,1.1948
17.64,1.1955
17.65,1.1963
17.66,1.197
17.67,1.1977
17.68,1.1985
17.69,1.1992
17.7,1.2
17.71,1.2007
17.72,1.2014
17.73,1.2022
17.74,1.2029
17.75,1.2037
17.76,1.2044
17.77,1.2052
17.78,1.2059
17.79,1.2066
17.8,1.2074
17.81,1.2081
17.82,1.2089
17.83,1.2096
17.84,1.2104
17.85,1.2111
17.86,1.2119
17.87,1.2126
17.88,1.2134
17.89,1.2141
17.9,1.2149
17.91,1.2156
17.92,1.2164
17.93,1.2171
17.94,1.2179
17.95,1.2186
17.96,1.2194
17.97,1.2201
17.98,1.2209
17.99,1.2216
18,1.2224
18.01,1.2232
18.02,1.2239
18.03,1.2247
18.04,1.2254
18.05,1.2262
18.06,1.2269
18.07,1.2277
18.08,1.2285
18.09,1.2292
18.1,1.23
18.11,1.2307
18.12,1.2315
18.13,1.2322
18.14,1.233
18.15,1.2338
18.16,1.2345
18.17,1.2353
18.18,1.2361
18.19,1.2368
18.2,1.2376
18.21,1.2383
18.22,1.2391
18.23,1.2399
18.24,1.2406
18.25,1.2414
18.26,1.2422
18.27,1.2429
18.28,1.2437
18.29,1.2445
18.3,1.2452
18.31,1.246
18.32,1.2468
18.33,1.2475
18.34,1.2483
18.35,1.2491
18.36,1.2498
18.37,1.2506
18.38,1.2514
18.39,1.2522
18.4,1.2529
18.41,1.2537
18.42,1.2545
18.43,1.2552
18.44,1.256
18.45,1.2568
18.46,1.2576
18.47,1.2583
18.48,1.2591
18.49,1.2599
18.5,1.2607
18.51,1.2614
18.52,1.2622
18.53,1.263
18.54,1.2638
18.55,1.2645
18.56,1.2653
18.57,1.2661
18.58,1.2669
18.59,1.2677
18.6,1.2684
18.61,1.2692
18.62,1.27
18.63,1.2708
18.64,1.2716
18.65,1.2723
18.66,1.2731
18.67,1.2739
18.68,1.2747
18.69,1.2755
18.7,1.2763
18.71,1.277
18.72,1.2778
18.73,1.2786
18.74,1.2794
18.75,1.2802
18.76,1.281
18.77,1.2818
18.78,1.2825
18.79,1.2833
18.8,1.2841
18.81,1.2849
18.82,1.2857
18.83,1.2865
18.84,1.2873
18.85,1.2881
18.86,1.2889
18.87,1.2896
18.88,1.2904
18.89,1.2912
18.9,1.292
18.91,1.2928
18.92,1.2936
18.93,1.2944
18.94,1.2952
18.95,1.296
18.96,1.2968
18.97,1.2976
18.98,1.2984
18.99,1.2992
19,1.3
19.01,1.3008
19.02,1.3015
19.03,1.3023
19.04,1.3031
19.05,1.3039
19.06,1.3047
19.07,1.3055
19.08,1.3063
19.09,1.3071
19.1,1.3079
19.11,1.3087
19.12,1.3095
19.13,1.3103
19.14,1.3111
19.15,1.3119
19.16,1.3127
19.17,1.3135
19.18,1.3143
19.19,1.3151
19.2,1.3159
19.21,1.3167
19.22,1.3175
19.23,1.3184
19.24,1.3192
19.25,1.32
19.26,1.3208
19.27,1.3216
19.28,1.3224
19.29,1.3232
19.3,1.324
19.31,1.3248
19.32,1.3256
19.33,1.3264
19.34,1.3272
19.35,1.328
19.36,1.3288
19.37,1.3296
19.38,1.3305
19.39,1.3313
19.4,1.3321
19.41,1.3329
19.42,1.3337
19.43,1.3345
19.44,1.3353
19.45,1.3361
19.46,1.3369
19.47,1.3378
19.48,1.3386
19.49,1.3394
19.5,1.3402
19.51,1.341
19.52,1.3418
19.53,1.3426
19.54,1.3434
19.55,1.3443
19.56,1.3451
19.57,1.3459
19.58,1.3467
19.59,1.3475
19.6,1.3483
19.61,1.3492
19.62,1.35
19.63,1.3508
19.64,1.3516
19.65,1.3524
19.66,1.3532
19.67,1.3541
19.68,1.3549
19.69,1.3557
19.7,1.3565
19.71,1.3573
19.72,1.3582
19.73,1.359
19.74,1.3598
19.75,1.3606
19.76,1.3614
19.77,1.3623
19.78,1.3631
19.79,1.3639
19.8,1.3647
19.81,1.3655
19.82,1.3664
19.83,1.3672
19.84,1.368
19.85,1.3688
19.86,1.3697
19.87,1.3705
19.88,1.3713
19.89,1.3721
19.9,1.373
19.91,1.3738
19.92,1.3746
19.93,1.3754
19.94,1.3763
19.95,1.3771
19.96,1.3779
19.97,1.3787
19.98,1.3796
19.99,1.3804
20,1.3812
